Calibration constants:
  ACC_SCALE_Q=0.0059645441  ACC_SCALE_K=0.0052780764
  SCORE_DEQUANT_SCALE=0.1666666667  SCORE_SCALE=QUANT/sqrt(D)

=== A: QK=56 + ACC=QUANT + score_dequant=QUANT (old default) ===
L  seed  sat  Qabs  Kabs  score_std  score_rng  H      dH     maxp   1/L
16 1     Y    102   128   0.0871    0.6484    2.7691 0.0035 0.0716 0.0625
16 2     Y    106   127   0.0803    0.5234    2.7694 0.0032 0.0718 0.0625
16 3     N    114   114   0.1123    0.6953    2.7667 0.0059 0.0774 0.0625
16 4     N    98    113   0.0962    0.5234    2.7681 0.0045 0.0735 0.0625
16 5     N    95    123   0.0811    0.4141    2.7698 0.0028 0.0709 0.0625
32 1     Y    102   128   0.0833    0.6719    3.4626 0.0032 0.0365 0.0312
32 2     Y    111   127   0.0880    0.7422    3.4619 0.0039 0.0372 0.0312
32 3     N    115   114   0.1025    0.7500    3.4608 0.0050 0.0383 0.0312
32 4     Y    128   127   0.0863    0.5625    3.4622 0.0035 0.0370 0.0312
32 5     N    102   123   0.0804    0.5000    3.4626 0.0031 0.0367 0.0312
64 1     Y    121   128   0.0806    0.6719    4.1558 0.0031 0.0186 0.0156
64 2     Y    111   128   0.0853    0.7422    4.1553 0.0036 0.0190 0.0156
64 3     Y    128   127   0.1039    0.9688    4.1535 0.0054 0.0195 0.0156
64 4     Y    128   128   0.0949    0.8828    4.1544 0.0045 0.0192 0.0156
64 5     N    110   123   0.0844    0.6641    4.1554 0.0035 0.0188 0.0156
1281     Y    121   128   0.0798    0.7578    4.8489 0.0032 0.0095 0.0078
1282     Y    121   128   0.0859    0.8438    4.8484 0.0037 0.0096 0.0078
1283     Y    128   128   0.1001    1.0234    4.8470 0.0050 0.0099 0.0078
1284     Y    128   128   0.0946    0.9375    4.8476 0.0044 0.0097 0.0078
1285     Y    114   127   0.0897    0.8359    4.8481 0.0039 0.0097 0.0078
2561     Y    121   128   0.0798    0.8438    5.5420 0.0032 0.0048 0.0039
2562     Y    127   128   0.0861    0.8594    5.5415 0.0037 0.0049 0.0039
2563     Y    128   128   0.0994    1.0469    5.5403 0.0049 0.0051 0.0039
2564     Y    128   128   0.0956    0.9844    5.5406 0.0046 0.0050 0.0039
2565     Y    127   128   0.0927    0.9453    5.5409 0.0042 0.0050 0.0039
saturation: 19/25

=== B: QK=28 + ACC=QUANT + score_dequant=QUANT ===
L  seed  sat  Qabs  Kabs  score_std  score_rng  H      dH     maxp   1/L
16 1     N    68    60    0.0217    0.1250    2.7724 0.0002 0.0648 0.0625
16 2     N    48    53    0.0211    0.1406    2.7724 0.0002 0.0647 0.0625
16 3     N    69    51    0.0223    0.1328    2.7724 0.0002 0.0648 0.0625
16 4     N    80    51    0.0186    0.1250    2.7724 0.0002 0.0647 0.0625
16 5     N    56    58    0.0214    0.1172    2.7724 0.0002 0.0649 0.0625
32 1     N    68    60    0.0193    0.1328    3.4656 0.0002 0.0324 0.0312
32 2     N    63    55    0.0211    0.1562    3.4655 0.0002 0.0326 0.0312
32 3     N    69    62    0.0218    0.1641    3.4655 0.0002 0.0327 0.0312
32 4     N    80    51    0.0185    0.1250    3.4656 0.0002 0.0323 0.0312
32 5     N    56    58    0.0211    0.1328    3.4655 0.0002 0.0326 0.0312
64 1     N    68    62    0.0220    0.1719    4.1586 0.0002 0.0164 0.0156
64 2     N    63    55    0.0203    0.1641    4.1587 0.0002 0.0164 0.0156
64 3     N    69    62    0.0227    0.1875    4.1586 0.0003 0.0164 0.0156
64 4     N    80    51    0.0190    0.1406    4.1587 0.0002 0.0162 0.0156
64 5     N    60    58    0.0206    0.1641    4.1587 0.0002 0.0164 0.0156
1281     N    68    62    0.0226    0.2500    4.8518 0.0003 0.0083 0.0078
1282     N    73    65    0.0203    0.1719    4.8518 0.0002 0.0082 0.0078
1283     N    69    62    0.0229    0.1875    4.8518 0.0003 0.0083 0.0078
1284     N    87    57    0.0192    0.1875    4.8519 0.0002 0.0082 0.0078
1285     N    60    67    0.0225    0.1953    4.8518 0.0002 0.0082 0.0078
2561     N    68    63    0.0218    0.2578    5.5449 0.0002 0.0041 0.0039
2562     N    73    69    0.0206    0.2344    5.5450 0.0002 0.0041 0.0039
2563     N    69    63    0.0231    0.2578    5.5449 0.0003 0.0041 0.0039
2564     N    87    62    0.0188    0.2031    5.5450 0.0002 0.0041 0.0039
2565     N    60    74    0.0231    0.2266    5.5449 0.0003 0.0041 0.0039
saturation: 0/25

=== C: QK=56 + robust ACC_Q/K (max→108) + SCORE_DEQUANT=1/6 ===
L  seed  sat  Qabs  Kabs  score_std  score_rng  H      dH     maxp   1/L
16 1     N    78    89    0.0448    0.3359    2.4300 0.3426 0.2083 0.0625
16 2     N    81    87    0.0413    0.2656    2.4321 0.3405 0.2239 0.0625
16 3     N    87    77    0.0579    0.3594    2.1026 0.6700 0.3558 0.0625
16 4     N    75    76    0.0496    0.2656    2.3428 0.4298 0.2409 0.0625
16 5     N    73    83    0.0420    0.2109    2.4880 0.2846 0.1928 0.0625
32 1     N    78    95    0.0431    0.3516    3.1332 0.3325 0.1289 0.0312
32 2     N    85    87    0.0454    0.3750    3.0465 0.4192 0.1509 0.0312
32 3     N    88    77    0.0528    0.3906    2.9022 0.5635 0.1928 0.0312
32 4     N    107   99    0.0448    0.2891    3.0693 0.3964 0.1500 0.0312
32 5     N    78    83    0.0416    0.2578    3.1116 0.3541 0.1360 0.0312
64 1     N    93    95    0.0417    0.3516    3.8137 0.3452 0.0801 0.0156
64 2     N    85    88    0.0441    0.3828    3.7362 0.4226 0.0987 0.0156
64 3     N    103   86    0.0536    0.5000    3.6018 0.5571 0.1166 0.0156
64 4     N    107   105   0.0493    0.4766    3.6734 0.4855 0.1090 0.0156
64 5     N    84    83    0.0436    0.3438    3.7646 0.3943 0.0881 0.0156
1281     N    93    100   0.0412    0.3906    4.4915 0.3605 0.0509 0.0078
1282     N    92    91    0.0444    0.4375    4.4265 0.4256 0.0595 0.0078
1283     N    108   91    0.0517    0.5312    4.3055 0.5466 0.0702 0.0078
1284     N    107   105   0.0491    0.5078    4.3749 0.4771 0.0633 0.0078
1285     N    87    88    0.0464    0.4297    4.4082 0.4438 0.0576 0.0078
2561     N    93    100   0.0412    0.4453    5.1742 0.3710 0.0310 0.0039
2562     N    107   91    0.0445    0.4453    5.1118 0.4334 0.0352 0.0039
2563     N    108   108   0.0514    0.5391    4.9822 0.5630 0.0475 0.0039
2564     N    107   105   0.0494    0.5312    5.0392 0.5060 0.0410 0.0039
2565     N    98    100   0.0479    0.4922    5.0617 0.4834 0.0391 0.0039
saturation: 0/25
